((("Hash" .
   [3 0 0 0])
  ("$action" .
   [0 0 0 1 0 0 0])
  ("dis" .
   [1 0 0])
  ("WebApplication" .
   [0 0 0 0 0 0 0 0 0 0 0 0 0 1])
  ("only" .
   [0 0 1 0])
  ("the" .
   [2 0 0])
  ("DEFAULT" .
   [0 0 1 0 0 0 0])
  ("vagrant" .
   [1 0 0 0 0 0 0])
  ("tools" .
   [1 0 0 0 0])
  ("build" .
   [1 0 0 0 0])
  (":app_root" .
   [1 0 0 0 0 0 0 0 0])
  (":boilerplate" .
   [1 0 0 0 0 0 0 0 0 0 0 0])
  ("graphviz" .
   [0 0 0 1 0 0 0 0])
  ("install" .
   [1 0 0 0 0 0 0])
  ("=" .
   [1])
  ("&&" .
   [2 0])
  ("git" .
   [1 0 0])
  ("Location" .
   [1 0 0 0 0 0 0 0])
  ("com" .
   [1 0 0])
  ("www" .
   [2 0 0])
  ("config" .
   [2 0 0 0 0 0])
  ("node" .
   [2 0 0 0])
  ("docs" .
   [1 0 0 0])
  ("d" .
   [1])
  ("netcommons" .
   [0 0 0 0 0 1 0 0 0 0])
  ("constructClassesaa" .
   [1 0 0 0 0 0 0 0 0 0 0 0 0 0 0 0 0 0])
  ("constructClassesa" .
   [3 0 0 0 0 0 0 0 0 0 0 0 0 0 0 0 0])
  ("Add" .
   [1 0 0])
  ("php" .
   [1 0 0])
  ("array_map" .
   [0 0 0 0 0 0 0 0 1])
  ("array_fill" .
   [0 0 0 0 0 0 0 0 0 1])
  ("array_filter" .
   [0 0 0 0 0 0 0 0 0 0 0 1])
  ("fnmatch" .
   [0 0 1 0 0 0 0])
  ("gettype" .
   [0 0 0 0 0 1 0])
  ("get_class" .
   [0 0 0 0 0 0 0 1 0])
  ("dump" .
   [1 0 0 0])
  ("$listener" .
   [1 0 0 0 0 0 0 0 0])
  ("true" .
   [1 0 0 0])
  ("s" .
   [1])
  ("$event" .
   [1 0 0 0 0 0])
  ("data" .
   [2 0 0 0])
  ("$options" .
   [1 0 0 0 0 0 0 0])
  ("ifelse" .
   [0 0 0 0 1 0])
  ("$plugin" .
   [0 0 0 0 0 0 1])
  ("a" .
   [7])
  ("throws" .
   [1 0 0 0 0 0])
  ("色の設定" .
   [2 0 0 0])
  ("EDITOR" .
   [0 0 0 1 0 0])
  ("PAGER" .
   [0 0 0 0 1])
  ("TERM" .
   [1 0 0 0])
  ("z" .
   [1])
  ("explode" .
   [0 0 1 0 0 0 0])
  ("nil" .
   [4 0 0])
  ("arra" .
   [2 0 0 0])
  ("array_pad" .
   [0 0 0 0 0 0 1 0 0])
  ("　　　　　　　　　　" .
   [1 0 0 0 0 0 0 0 0 0])))
